0	0.389879489
10	0.389359755
20	0.388558687
30	0.388199286
40	0.387690816
50	0.38713613
60	0.386564865
70	0.386034138
80	0.385385796
90	0.38483712
100	0.384070218
110	0.383450546
120	0.382800341
130	0.382266143
140	0.381725212
150	0.38116666
160	0.38059053
170	0.379982263
180	0.37905818
190	0.37839912
200	0.377715899
210	0.376851906
220	0.375991688
230	0.375142901
240	0.373964301
250	0.373567414
260	0.372803904
270	0.372012691
280	0.371213119
290	0.370044809
300	0.36921118
310	0.367959177
320	0.366524261
330	0.36556536
340	0.36443405
350	0.363228952
360	0.362223268
370	0.361103103
380	0.360258164
390	0.359045159
400	0.357294099
410	0.356018007
420	0.355291248
430	0.354070034
440	0.352854798
450	0.351326487
460	0.350411212
470	0.349038526
480	0.348686013
490	0.346756959
500	0.346159072
510	0.345063271
520	0.34489182
530	0.343917838
540	0.341701022
550	0.340726821
560	0.33948642
570	0.338663517
580	0.337775629
590	0.336721218
600	0.335963234
610	0.335154903
620	0.333844881
630	0.33301365
640	0.332321639
650	0.331638038
660	0.330949336
670	0.330258413
680	0.329506061
690	0.32869029
700	0.328051393
710	0.327423438
720	0.326797515
730	0.32765291
740	0.326994535
750	0.324790982
760	0.32389674
770	0.322788242
780	0.322093239
790	0.320215701
800	0.319306009
810	0.31727976
820	0.316961706
830	0.316892053
840	0.314897609
850	0.313809643
860	0.312803478
870	0.311882911
880	0.310743882
890	0.309647063
900	0.307958211
910	0.306982225
920	0.305762904
930	0.304751161
940	0.30231498
950	0.301229261
960	0.299510444
970	0.298524773
980	0.297376182
990	0.296412065
1000	0.295287086
1010	0.294346614
1020	0.293418876
1030	0.292313223
1040	0.29260182
1050	0.290258248
1060	0.289029046
1070	0.287828527
1080	0.286961686
1090	0.287637787
1100	0.286794167
1110	0.284390457
1120	0.28327953
1130	0.283108456
1140	0.282203817
1150	0.280195598
1160	0.279193476
1170	0.278470372
1180	0.277400466
1190	0.27654361
1200	0.275673888
1210	0.274764594
1220	0.274104891
1230	0.273293064
1240	0.272661343
1250	0.271991138
1260	0.271379933
1270	0.270475643
1280	0.269876862
1290	0.269276622
1300	0.268687631
1310	0.268091455
1320	0.267504589
1330	0.266900185
1340	0.266309708
1350	0.265480363
1360	0.264870394
1370	0.264255841
1380	0.263634836
1390	0.263012113
1400	0.262389293
1410	0.261432414
1420	0.260792817
1430	0.260154204
1440	0.25946267
1450	0.258621394
1460	0.257983639
1470	0.257349366
1480	0.256152495
1490	0.255519863
1500	0.254849713
1510	0.254227519
1520	0.25336336
1530	0.252749701
1540	0.252012636
1550	0.251266735
1560	0.250695029
1570	0.24999445
1580	0.249455126
1590	0.248926135
1600	0.248191381
1610	0.247620597
1620	0.247092444
1630	0.246445622
1640	0.245962952
1650	0.245481978
1660	0.245019041
1670	0.244320864
1680	0.243756248
1690	0.24331192
1700	0.242869325
1710	0.242869325
1720	0.242428893
1730	0.24198992
1740	0.241501455
1750	0.240835094
1760	0.240406269
1770	0.239977267
1780	0.239541757
1790	0.239088149
1800	0.238651158
1810	0.23821213
1820	0.237639036
1830	0.237199259
1840	0.236750618
1850	0.236296044
1860	0.235666076
1870	0.235170108
1880	0.234669043
1890	0.23412898
1900	0.233612915
1910	0.233089469
1920	0.232551503
1930	0.232003002
1940	0.231195369
1950	0.230615831
1960	0.230022405
1970	0.229413041
1980	0.228699585
1990	0.228044659
2000	0.227375994
2010	0.226482905
2020	0.225793268
2030	0.224941522
2040	0.224015918
2050	0.223338228
2060	0.222632987
2070	0.221948638
2080	0.221271128
2090	0.220532103
2100	0.219752273
2110	0.21905465
2120	0.21820271
2130	0.217390523
2140	0.216632529
2150	0.215867004
2160	0.215098171
2170	0.214050862
2180	0.213000613
2190	0.212050993
2200	0.21124904
2210	0.210132655
2220	0.209329295
2230	0.208522505
2240	0.207485404
2250	0.206679334
2260	0.205872574
2270	0.204662107
2280	0.203862799
2290	0.203067996
2300	0.202173811
2310	0.201407558
2320	0.200569777
2330	0.199818908
2340	0.199075583
2350	0.198099102
2360	0.197318213
2370	0.196568352
2380	0.19581696
2390	0.19506778
2400	0.194302878
2410	0.193570268
2420	0.192553373
2430	0.191665439
2440	0.190970468
2450	0.190287692
2460	0.189628986
2470	0.188985149
2480	0.188234684
2490	0.187602877
2500	0.18671087
2510	0.186118181
2520	0.185477659
2530	0.184905607
2540	0.184340097
2550	0.183603742
2560	0.183019767
2570	0.182341598
2580	0.181796051
2590	0.181252574
2600	0.180710895
2610	0.179902658
2620	0.1793683
2630	0.178831185
2640	0.178294273
2650	0.177756374
2660	0.177214823
2670	0.176668705
2680	0.175910359
2690	0.175351584
2700	0.174787947
2710	0.174217305
2720	0.174217305
2730	0.173637024
2740	0.173047415
2750	0.172367697
2760	0.171771715
2770	0.171165854
2780	0.170557681
2790	0.169944492
2800	0.169321149
2810	0.168689599
2820	0.168041823
2830	0.167404433
2840	0.16676228
2850	0.166114071
2860	0.165460257
2870	0.164802509
2880	0.164142739
2890	0.163483687
2900	0.162827402
2910	0.162174128
2920	0.161523594
2930	0.160875636
2940	0.160234938
2950	0.159604361
2960	0.158982106
2970	0.158369029
2980	0.157768216
2990	0.157177591
3000	0.156597161
3010	0.156028731
3020	0.155473548
3030	0.154928477
3040	0.154395231
3050	0.153877235
3060	0.153368177
3070	0.152869726
3080	0.152381361
3090	0.151897733
3100	0.151414441
3110	0.15093745
3120	0.150410814
3130	0.149929642
3140	0.149444427
3150	0.148959438
3160	0.148474123
3170	0.147755383
3180	0.147251514
3190	0.146745224
3200	0.146237125
3210	0.145726835
3220	0.14493491
3230	0.144416342
3240	0.143898695
3250	0.143381092
3260	0.142633054
3270	0.142117052
3280	0.141603637
3290	0.141091803
3300	0.140578592
3310	0.140064383
3320	0.13955167
3330	0.139033824
3340	0.138512763
3350	0.137993713
3360	0.137476094
3370	0.136880482
3380	0.136350346
3390	0.135821748
3400	0.135293706
3410	0.134768961
3420	0.134244396
3430	0.133530181
3440	0.133003591
3450	0.132482568
3460	0.131964048
3470	0.13144421
3480	0.130927909
3490	0.130415973
3500	0.12969875
3510	0.129192297
3520	0.128690471
3530	0.128190993
3540	0.127689504
3550	0.127185699
3560	0.126550256
3570	0.126063921
3580	0.125579335
3590	0.125098505
3600	0.124622643
3610	0.1241437
3620	0.12360531
3630	0.123130242
3640	0.122649611
3650	0.122160532
3660	0.121661694
3670	0.121134352
3680	0.120598465
3690	0.120065302
3700	0.119518964
3710	0.118966841
3720	0.118405461
3730	0.11782497
3740	0.117063524
3750	0.116383862
3760	0.115740827
3770	0.115082499
3780	0.114410985
3790	0.113727237
3800	0.113032498
3810	0.112076196
3820	0.111158429
3830	0.110439243
3840	0.109723146
3850	0.109014572
3860	0.108311825
3870	0.107615071
3880	0.106729427
3890	0.105822776
3900	0.105159296
3910	0.104506256
3920	0.103866649
3930	0.103242789
3940	0.102633588
3950	0.101959349
3960	0.101233617
3970	0.100690906
3980	0.100164475
3990	0.099656472
4000	0.099166042
4010	0.098695376
4020	0.098183329
4030	0.097703531
4040	0.097299346
4050	0.096911835
4060	0.096539914
4070	0.096183993
4080	0.095828925
4090	0.095506959
4100	0.095198422
4110	0.094899013
4120	0.094623223
4130	0.094354699
4140	0.094103088
4150	0.093860876
4160	0.093623786
4170	0.093388145
4180	0.093155027
4190	0.092929817
4200	0.092705575
4210	0.09247846
4220	0.092249254
4230	0.092022115
4240	0.091795684
4250	0.091562107
4260	0.091324341
4270	0.091082883
4280	0.090837469
4290	0.090582797
4300	0.090318546
4310	0.090048919
4320	0.089771987
4330	0.089483037
4340	0.089183005
4350	0.088871866
4360	0.088548139
4370	0.088210657
4380	0.087863368
4390	0.087509645
4400	0.087143205
4410	0.08675674
4420	0.08635437
4430	0.085941508
4440	0.085518962
4450	0.08507696
4460	0.084624365
4470	0.084158098
4480	0.083676831
4490	0.083179896
4500	0.082667356
4510	0.082150116
4520	0.081628906
4530	0.081101652
4540	0.080569619
4550	0.080034373
4560	0.079496131
4570	0.078955395
4580	0.078416136
4590	0.077884382
4600	0.07735872
4610	0.076828833
4620	0.076293762
4630	0.075760742
4640	0.075232821
4650	0.074706649
4660	0.074182971
4670	0.073662671
4680	0.073146807
4690	0.072636817
4700	0.072128731
4710	0.07162811
4720	0.071136877
4730	0.071136877
4740	0.070655889
4750	0.070184334
4760	0.069720957
4770	0.069265333
4780	0.068817876
4790	0.068380672
4800	0.067955844
4810	0.067544875
4820	0.067144917
4830	0.066755078
4840	0.066373007
4850	0.065999576
4860	0.065636076
4870	0.065281476
4880	0.064933576
4890	0.064591049
4900	0.064257213
4910	0.063928055
4920	0.063604495
4930	0.063287701
4940	0.062978491
4950	0.062675493
4960	0.062376885
4970	0.062081364
4980	0.061789283
4990	0.061499295
5000	0.061211618
5010	0.060926854
5020	0.060647461
5030	0.060374393
5040	0.060105258
5050	0.05983781
5060	0.059575925
5070	0.059321952
5080	0.059075259
5090	0.058834287
5100	0.058597967
5110	0.058366727
5120	0.058140258
5130	0.057917324
5140	0.057695509
5150	0.057476773
5160	0.057262308
5170	0.057050909
5180	0.056840916
5190	0.056635289
5200	0.056433668
5210	0.056236589
5220	0.056041935
5230	0.055850724
5240	0.055665347
5250	0.05548557
5260	0.055307637
5270	0.055130675
5280	0.054955583
5290	0.054781452
5300	0.054606088
5310	0.054431672
5320	0.054253384
5330	0.05406975
5340	0.053878135
5350	0.053680337
5360	0.053475125
5370	0.053263832
5380	0.053036533
5390	0.052796053
5400	0.052543266
5410	0.05227933
5420	0.051998196
5430	0.051701903
5440	0.051389488
5450	0.051060648
5460	0.050711798
5470	0.050347827
5480	0.049963373
5490	0.04956018
5500	0.04913597
5510	0.04869346
5520	0.04823031
5530	0.047750333
5540	0.047252409
5550	0.046737386
5560	0.046212314
5570	0.045676205
5580	0.045131917
5590	0.044579702
5600	0.044023507
5610	0.043462968
5620	0.042899869
5630	0.042330748
5640	0.041761364
5650	0.041192385
5660	0.040625229
5670	0.040051859
5680	0.03947702
5690	0.038902188
5700	0.038329553
5710	0.037758042
5720	0.037191118
5730	0.036627917
5740	0.033283347
5750	0.032727474
5760	0.032181811
5770	0.031646732
5780	0.03112416
5790	0.030614723
5800	0.030120559
5810	0.029642677
5820	0.029182829
5830	0.028740053
5840	0.028312495
5850	0.027899432
5860	0.027501026
5870	0.027118416
5880	0.026750734
5890	0.026397521
5900	0.026055854
5910	0.02572469
5920	0.025407615
5930	0.025103908
5940	0.024811203
5950	0.024524555
5960	0.024250257
5970	0.023987018
5980	0.023735451
5990	0.02349242
6000	0.023257735
6010	0.023029916
6020	0.022811194
6030	0.022601673
6040	0.022398999
6050	0.022202616
6060	0.022012833
6070	0.021827839
6080	0.021648095
6090	0.021472984
6100	0.021303407
6110	0.021137363
6120	0.02097344
6130	0.020808863
6140	0.020646801
6150	0.02048864
6160	0.020334165
6170	0.020178297
6180	0.020019409
6190	0.019859154
6200	0.019700161
6210	0.019540523
6220	0.019379412
6230	0.019212583
6240	0.019043306
